site_count	min_odds_ratio
12.5584966443
21.42138702461
31.09649856184
41.04428434461
51.0316518727
61.03722836931
71.04124863431
81.0550501626
91.06604026846
101.07499859004
111.08244088797
121.09649856184
131.10133961509
141.10552324136
151.11562353676
161.12461390958
171.13266778523
181.13992424746
191.14649613777
201.1524759659
211.1579402916
221.16295302013
231.16756791307
241.1718305241
251.17577970786
261.18364613437
271.18693143292
281.18999843921
291.19286821036
301.19555917958
311.20171812081
321.20399842084
331.20960443068
341.21154437195
351.21667639335
361.21833173538
371.21676575628
381.21833173538
391.22281089617
401.22709671189
411.23120143681
421.23513631104
431.23612759219
441.23707530054
451.24065031243
461.24408927735
471.24481720789
481.24804714356
491.24866868098
501.25171068703
511.25223924049
521.257484173
531.25788796055
541.25827703818
551.26090784441
561.26345513299
571.26592281879
581.26615021646
591.27063385533
601.27077647895
611.27298772677
621.27308821787
631.27722098725
641.27725261494
651.28121942896
661.28118951839
671.28307840694
681.28681783885
691.28670749604
701.28845154749
711.28832100528
721.28999830805
731.29163385224
741.29146488184
751.28956484087
761.29114040482
771.29098454529
781.29250478144
791.29398998015
801.29544133888
811.29686000118
821.29824705961
831.29960355861
841.3009304971
851.30379025639
861.3050457379
871.30627469515
881.30596116414
891.31016226319
901.30981056875
911.31241936094
921.31204956118
931.31168791576
941.31276574544
951.31240378622
961.31345282274
971.31031771118
981.31273649812
991.31375087026
1001.31204956118
1011.31304959895
1021.31403150915
1031.31368471766
1041.31594288332
1051.31558348507
1061.31778738725
1071.31488540317
1081.31705261003
1091.31918701149
1101.32128934682
1111.32336033326
1121.32540066679
1131.32741102298
1141.32697278185
1151.32773968454
1161.32849422891
1171.32923671129
1181.32879667265
1191.32952445708
1201.33139461108
1211.33209162633
1221.33277792743
1231.33232467082
1241.33299825165
1251.33366172034
1261.33321165087
1271.33167653207
1281.33341844654
1291.33405847661
1301.33468926067
1311.33531099762
1321.33592388072
1331.33652809777
1341.33816764378
1351.33771125864
1361.3382905524
1371.33988547503
1381.34044243323
1391.34099183091
1401.34153382098
1411.34107073177
1421.34259616959
1431.34213140181
1441.34265130021
1451.34219252324
1461.34270492476
1471.34129460311
1481.34371008998
1491.34325581395
1501.34374823755
1511.34517058944
1521.34471469548
1531.34611412165
1541.34749823263
1551.34886727846
1561.34930857508
1571.35065222984
1581.35017524983
1591.3506008182
1601.35102133032
1611.35143687576
1621.35008617712
1631.35137703506
1641.35004327434
1651.35131865016
1661.35086018751
1671.35211689746
1681.35250923928
1691.35374431085
1701.35412337961
1711.35366004386
1721.35403514713
1731.35523551581
1741.35477302528
1751.35431613053
1761.35467933031
1771.35422818792
1781.35458775337
1791.35414222155
1801.35529545607
1811.35485047577
1821.35519903743
1831.35397595693
1841.35510472812
1851.35622314955
1861.35733136292
1871.35688846422
1881.3579824086
1891.35830299374
1901.36090247037
1911.36120573554
1921.36226110844
1931.36180323317
1941.36284554913
1951.36313345803
1961.36341854889
1971.3637008629
1981.36398044042
1991.36498882631
2001.36525968212
2011.36480314624
2021.36507216626
2031.36605686163
2041.36560260449
2051.36586409396
2061.36470820488
2071.36497114786
2081.36453154362
2091.36409642515
2101.36366572412
2111.3646177754
2121.36350248514
2131.36444613229
2141.36538224908
2151.36699000627
2161.36790909695
2171.36814630806
2181.3677103199
2191.36794620386
2201.3688454809
2211.3677497784
2221.36864157839
2231.3708427479
2241.37106040268
2251.37127619096
2261.37279259642
2271.37170226324
2281.37191259384
2291.37212115116
2301.3742508832
2311.37444819728
2321.37591845498
2331.37610738255
2341.37756146978
2351.37900621883
2361.37918046609
2371.37872602251
2381.37889991246
2391.37782942313
2401.37738715709
2411.37694884161
2421.37712675249
2431.37730324449
2441.37687071285
2451.3758377477
2461.3772213884
2471.37739466247
2481.37696868009
2491.37773716356
2501.37909478455
2511.37925828548
2521.37883052687
2531.37840641185
2541.37857052959
2551.37756892799
2561.3777348358
2571.37732224044
2581.37748775924
2591.37765203924
2601.378386091
2611.37797693801
2621.37983968877
2631.37999306286
2641.38127426195
2651.38142137477
2661.37988667353
2671.38003758389
2681.38074325548
2691.38144439445
2701.38214104434
2711.38283324811
2721.38352104821
2731.38365606952
2741.38488360438
2751.38501294721
2761.38351307568
2771.38472757028
2781.38431698543
2791.38390958464
2801.3845749138
2811.38577015622
2821.38482927772
2831.38548517094
2841.38613706024
2851.38731267813
2861.38690303311
2871.38649648209
2881.38713673486
2891.38881579677
2901.38892554632
2911.38903455875
2921.38862643148
2931.38873567391
2941.38884419022
2951.38793032377
2961.38651594052
2971.38815035323
2981.3872489083
2991.38786374573
3001.38747106524
3011.38808127241
3021.38619660312
3031.38581423529
3041.38592833191
3051.38604169895
3061.3861543434
3071.38528830652
3081.38540254297
3091.38697449664
3101.38611317674
3111.38767432225
3121.38826252699
3131.38788466146
3141.3884686248
3151.38904936738
3161.39058297144
3171.38972487361
3181.38934756299
3191.39086644433
3201.39048730668
3211.39058148124
3221.3906750835
3231.38936519184
3241.38853084213
3251.38909356732
3261.38826548941
3271.38882536966
3281.38800347226
3291.38856053443
3301.38911466373
3311.38920995614
3321.38930468745
3331.38939886261
3341.39084941275
3351.39048730668
3361.39102730175
3371.39111547133
3381.39075565418
3391.39084407058
3401.39137693388
3411.39190707675
3421.39243451997
3431.39251721516
3441.39304027483
3451.39400085641
3461.39495719969
3471.39415567772
3481.39554362416
3491.39300363317
3501.39308311373
3511.39402719986
3521.39496719144
3531.39504064788
3541.3959738164
3551.39733278265
3561.39868674043
3571.39746527236
3581.39625274186
3591.39759631056
3601.39851016087
3611.39942013423
3621.39947988098
3631.39996123286
3641.40044026846
3651.39923775123
3661.39887925278
3671.39893961331
3681.399831646
3691.40030445231
3701.39994640401
3711.39959046746